12.75
12.75
12.75
12.75
12.75
12.75
12.75
12.75
12.75
12.75
12.75
12.75
12.75
12.75
12.75
12.75
12.75
12.75
12.75
12.75
12.75
12.75
12.75
12.75
12.75
12.75
12.75
12.75
12.75
12.75
12.75
12.75
12.75
12.75
12.75
12.75
12.75
12.75
12.75
12.75
12.75
12.75
12.75
12.75
12.75
12.75
12.75
12.75
12.75
12.75
12.75
12.75
12.75
12.75
12.75
12.75
12.75
12.75
12.75
12.25
12.25
12.25
12.25
12.25
12.25
12.25
12.25
12.25
12.25
12.25
12.25
12.25
12.25
12.25
12.25
12.5
12.5
12.5
12.5
12.5
12.5
12.5
12.5
12.0
12.0
12.0
12.0
12.0
12.0
12.0
12.0
12.0
12.0
12.0
12.0
12.0
12.0
12.0
12.0
12.0
12.0
12.0
12.0
12.0
12.0
12.0
12.0
12.0
12.0
12.0
12.0
12.0
12.0
12.0
12.0
12.0
12.0
12.0
12.0
12.0
12.0
12.0
12.0
12.0
12.0
12.0
12.0
12.0
12.0
12.0
12.0
12.0
12.0
12.0
12.0
12.0
12.0
12.0
12.0
12.0
12.0
12.0
12.0
12.0
12.0
12.0
12.0
12.0
12.0
12.0
12.0
12.0
12.0
12.0
12.0
12.0
12.0
11.75
11.75
11.75
11.75
11.75
11.75
11.75
11.75
11.75
11.75
11.75
11.75
11.75
11.75
11.75
11.75
11.75
11.75
11.75
11.75
11.75
11.75
11.75
11.75
11.75
11.75
11.75
11.75
11.75
11.75
11.75
11.75
11.75
11.75
11.75
11.75
11.75
11.75
11.75
11.75
11.75
11.75
11.75
11.75
11.75
11.75
11.75
11.75
11.75
11.75
11.75
11.75
11.75
11.75
11.75
11.75
11.75
11.75
11.75
11.75
11.75
11.75
11.75
11.75
11.75
11.75
11.75
11.75
11.75
11.75
11.75
11.75
11.75
11.75
11.75
11.75
11.75
11.75
11.75
11.75
11.75
11.75
11.75
11.75
11.75
11.75
11.75
11.75
11.75
11.75
11.75
11.5
11.5
11.5
11.5
11.5
11.5
11.5
11.5
11.5
11.5
11.5
11.5
11.5
11.5
11.5
11.5
11.5
11.5
11.5
11.5
11.5
11.5
11.5
11.5
11.5
11.5
11.5
11.5
11.5
11.5
11.5
11.5
11.5
11.5
11.5
11.5
11.5
11.5
11.5
11.5
11.5
11.5
11.5
11.5
11.5
11.5
11.5
11.5
11.5
11.5
11.5
11.5
11.5
11.5
11.5
11.5
11.5
11.5
11.5
11.5
11.5
11.5
11.5
11.5
11.5
11.5
11.5
11.5
11.5
11.5
11.5
11.5
11.5
11.5
11.5
11.5
11.5
11.5
11.5
11.5
11.5
11.5
11.5
11.5
11.5
11.5
11.5
11.5
11.5
11.5
11.5
11.5
11.5
11.5
11.5
11.5
11.5
11.5
11.5
11.5
11.5
11.5
11.5
12.0
12.0
12.0
12.0
12.0
12.0
12.0
12.0
12.0
12.0
12.0
12.0
12.0
12.0
12.0
12.0
12.0
12.0
11.0
11.0
11.0
11.0
11.0
11.0
1.06
1.06
1.06
1.06
1.06
1.06
1.06
1.06
1.06
1.06
1.1
1.1
1.1
1.1
1.1
1.1
1.1
1.1
1.1
0.14
0.14
0.14
0.14
0.14
0.14
0.14
0.14
0.14
0.14
0.14
0.14
0.14
0.14
0.14
0.14
0.14
0.14
0.14
0.14
0.14
0.14
0.14
0.14
0.14
0.14
0.14
0.14
0.14
0.14
0.14
0.14
0.14
0.14
0.14
0.14
0.14
0.14
0.14
0.14
0.14
0.14
0.14
0.14
0.14
0.14
0.14
0.14
0.14
0.14
0.14
0.14
0.14
0.14
0.14
0.14
0.14
0.14
0.14
0.14
0.14
0.14
0.14
0.14
0.14
0.14
1.7
1.7
1.7
1.7
1.7
2.6
2.6
2.6
2.6
2.6
2.6
2.6
2.6
2.6
2.6
2.6
2.6
2.6
2.6
2.6
2.6
2.6
2.6
2.6
2.6
2.6
2.6
2.6
1.5
1.5
1.5
1.5
1.5
1.5
1.5
1.5
1.5
1.5
1.5
1.5
1.5
1.5
1.5
1.5
1.5
1.5
1.5
1.5
1.5
1.5
1.5
1.5
1.5
1.5
1.5
1.5
1.5
4.3
4.3
4.3
4.3
4.3
4.4
4.4
4.4
4.4
4.4
4.4
4.4
4.4
4.4
4.4
4.4
4.4
4.4
4.4
4.4
4.4
4.4
4.4
4.4
4.4
4.4
4.4
4.4
