4745.3903922
4651.1426821
4813.2957361
4718.90453218
4887.30859929
4686.32327042
4696.03705119
4841.15546625
4511.09979789
4712.34191464
4467.76211372
4792.6657038
4564.58220654
4722.1946156
4598.08783636
4519.90000711
4953.07706375
4748.7278551
4588.88678287
4482.08643235
4834.15231328
4938.27023465
4768.87898248
4699.28646211
4613.52957091
4789.24914279
4898.11753948
4820.2225814
4654.31287355
4851.70843278
4604.24846761
4851.70843278
4619.7438988
4742.05890488
4799.51742772
4827.17472955
4802.9526229
4768.87898248
4221.72828277
4297.0803673
4341.4172065
4467.76211372
4528.74518788
4482.08643235
4352.02824317
4328.25008986
4376.15792379
4436.66783428
4514.02822415
4543.58798108
4411.64746473
4320.40091358
4128.94642097
4328.25008986
4246.44702608
4414.40909768
4271.56141571
4482.08643235
4346.71408523
4450.73075822
4528.74518788
4381.56854938
4323.01307045
4083.4935604
4063.48803379
4315.18925749
4376.15792379
4349.36899934
4482.08643235
4419.94610505
4231.56886204
4406.13788691
4376.15792379
4470.61735917
4392.44329522
4622.8591805
4505.25781608
4467.76211372
4276.63255102
4299.65486473
4482.08643235
4248.94051595
4613.52957091
4336.13752813
4211.94961978
4362.70871465
4660.66997034
4632.23765806
4953.07706375
4349.36899934
4657.48863164
4880.13592186
4531.7036315
4738.73337785
4422.72150092
4715.62030348
4534.6671204
4686.32327042
4748.7278551
4725.49056868
4702.54163926
4534.6671204
4930.90832196
4679.87598192
4408.89039802
4470.61735917
4883.71894409
4561.56758646
4436.66783428
4686.32327042
4613.52957091
5143.90826534
4591.94849902
4654.31287355
4715.62030348
4702.54163926
4745.3903922
4912.62339937
4855.23901936
4782.43454242
4598.08783636
4953.07706375
4738.73337785
4905.35698973
4865.86981164
5052.09873979
4534.6671204
4365.38975664
4511.09979789
4187.77030362
4199.81253542
4187.77030362
4450.73075822
4182.97973849
4229.10288268
4482.08643235
3916.76257813
4052.49123552
4072.34562994
4005.07688218
3969.49070489
4591.94849902
4670.24761016
4286.82365735
3944.90447104
4161.60622334
4519.90000711
4516.96162323
3837.56006703
4403.38992079
4248.94051595
4059.07933009
4400.64648909
4317.79297912
4487.84998443
4392.44329522
4266.50646201
4496.53184225
4519.90000711
4221.72828277
4447.90878017
4610.43049798
4414.40909768
4297.0803673
4309.99441459
4106.04593694
4226.64079873
4171.06857402
3920.74767804
4289.38166144
4168.69746197
4117.45220242
4251.43797087
4207.0833372
4087.97653946
3977.78335387
4567.60200847
4880.13592186
4482.08643235
4862.3196916
4705.80259728
4622.8591805
4799.51742772
5063.84355451
4792.6657038
4511.09979789
4654.31287355
4699.28646211
4558.55813562
4732.10014376
4635.37473984
4851.70843278
4758.77625094
4619.7438988
4422.72150092
4768.87898248
4848.18432309
4820.2225814
4439.47104792
4470.61735917
5017.2667578
4644.81894362
4644.81894362
4579.73328863
4654.31287355
4679.87598192
4567.60200847
4696.03705119
4552.55469136
4673.45141163
4289.38166144
4081.25718665
4442.2789361
4304.81630885
4349.36899934
4241.47190631
4152.20250323
4386.99697897
3891.14012572
4315.18925749
4269.03192069
4000.84344226
4333.50411455
4384.28053352
3963.30331754
4131.25590179
4456.38888195
9266.27243258
3918.75367527
4422.72150092
4243.95749246
4138.20575529
4502.34423678
4302.23350879
4516.96162323
4289.38166144
4152.20250323
4392.44329522
4516.96162323
4266.50646201
4419.94610505
4549.56067291
4065.69739872
3824.49741706
4534.6671204
4540.60928291
3916.76257813
4514.02822415
4476.34225461
4439.47104792
4748.7278551
4683.09677923
4522.8433878
4470.61735917
4775.64453127
4722.1946156
4476.34225461
4738.73337785
4537.63566678
4610.43049798
4487.84998443
4715.62030348
4289.38166144
4748.7278551
4297.0803673
4765.50534208
4641.66536893
4360.03205235
4779.03647114
4431.07538672
4699.28646211
4796.08846007
4299.65486473
5963.70544739
5099.48835267
4607.3368013
4745.3903922
4827.17472955
4872.98970596
4725.49056868
4519.90000711
5257.10324896
4381.56854938
4453.55745509
4722.1946156
4502.34423678
4858.77609991
4641.66536893
4619.7438988
4673.45141163
4534.6671204
4531.7036315
4464.91165459
4479.21192745
4411.64746473
4692.79339195
4192.57588027
3764.63077899
4346.71408523
4115.16394301
4131.25590179
4083.4935604
4142.85691006
4576.69263223
4101.50784894
3852.64949641
4083.4935604
4476.34225461
3881.41319483
4320.40091358
4428.28613093
3793.30911189
4007.19834283
4108.3201986
3951.01036481
4447.90878017
3822.64192706
4224.18260161
3951.01036481
3992.4143073
4403.38992079
4689.55546985
4392.44329522
4549.56067291
4187.77030362
4171.06857402
4376.15792379
4445.09150983
3778.88936939
4411.64746473
4199.81253542
4514.02822415
4030.74501142
4549.56067291
4171.06857402
4226.64079873
4271.56141571
4072.34562994
4403.38992079
4211.94961978
4312.58973915
4117.45220242
3912.78907771
4159.24981647
4389.71789608
4199.81253542
3815.24627145
4096.98362568
4417.17530755
4496.53184225
3777.09828239
4209.51456477
4070.12618976
4096.98362568
4187.77030362
4336.13752813
4126.64049594
3984.03515756
4072.34562994
4009.32297258
3719.37457757
3613.06497508
3473.42535975
3643.1740553
3835.68598629
3822.64192706
3979.86420021
3818.93884845
3761.09102844
3862.16855679
3597.52457726
4221.72828277
3990.31484967
3595.98195944
3831.94583319
3647.99920091
3898.97251118
3902.90577354
4015.7159416
4090.22315916
4074.56844262
4138.20575529
3988.21850974
4171.06857402
3738.32194065
3669.13688242
4654.31287355
4683.09677923
4558.55813562
4582.77919061
4663.85690362
4651.1426821
4576.69263223
4505.25781608
3946.93677894
-0.459340179763
-1.75494016532
-2.21265678569
-1.25683334716
-2.17405521241
-0.661950070763
-1.74305452962
-0.660224175409
-2.16720749534
-0.547619490201
-1.82043239441
-0.977800412874
-1.6656650392
-1.25623026316
-1.23878036077
-1.0570342534
-0.781457869825
-0.227612909373
-0.701384938456
-1.39308945949
-1.07912752
-1.00408856064
-1.01933733049
-0.872832074894
-0.468127173641
-2.24004177944
-0.871437251645
-2.32645814464
-2.45585307983
-0.225569758796
-1.24425918232
-2.08427296009
-1.07864771321
-0.801119430885
-2.17234024279
-1.31069049253
-0.462286333998
-1.65581334094
-1.42150254506
-0.305735232053
-1.29951869933
-0.307023841853
-1.13263528426
-1.08757623594
-0.449989550374
-0.981120603428
-1.02553426307
-1.43098374086
-1.35549768215
-1.4947944313
-0.309939319738
-0.314721440833
-0.665306049589
-0.642172091131
-0.709694026634
-4.18657907467
-1.44650115977
-1.8331198145
-0.627023559634
-0.577830973948
-0.377209984308
-0.370869283608
-1.36398397825
-2.3120880649
-0.527707727172
-2.56220452309
-0.826576744729
-0.445182428474
-0.683320646668
-2.17199749246
-1.27174564981
-1.1400258234
-1.62677714498
-3.45563349716
4555.55384143
4009.32297258
4007.19834283
4024.28466462
3942.87514518
4745.3903922
4758.77625094
4508.1763325
4496.53184225
4738.73337785
5001.9768264
4546.57177362
4549.56067291
4450.73075822
4607.3368013
4555.55384143
4775.64453127
4558.55813562
4525.79177736
4722.1946156
4735.41379587
4629.10604663
4462.06597045
4651.1426821
4074.56844262
4467.76211372
4236.5125415
4258.95421418
4473.47740233
4534.6671204
4442.2789361
4400.64648909
4470.61735917
4442.2789361
4482.08643235
4570.62700492
4378.86101623
4567.60200847
4546.57177362
4411.64746473
4470.61735917
4341.4172065
4209.51456477
4431.07538672
4505.25781608
4246.44702608
4386.99697897
3845.08320498
4354.69182662
3738.32194065
4271.56141571
4349.36899934
4197.39653402
3755.79992421
4234.03874544
3818.93884845
4241.47190631
4576.69263223
4505.25781608
4246.44702608
4017.85331302
4453.55745509
4110.59794855
4315.18925749
4163.96629459
4048.11573235
3975.7055874
4175.82189484
3717.66635809
3395.00354305
4209.51456477
3796.93951417
4251.43797087
3729.67367889
4005.07688218
4236.5125415
4253.93939964
4187.77030362
3951.01036481
3893.09396868
4246.44702608
4226.64079873
4108.3201986
3428.83267297
3580.66861136
