2M16315197-1303389 M107      -36.32 5093.7 5010.8 3.06  2.72 -0.84 -1.03  0.04  0.95  0.29   93.3 13.531 12.893 12.704 124.9 0.092 
2M16320891-1300161 M107      -31.31 4672.6 4756.8 2.35  1.98 -1.03 -1.17  0.19 -0.03  0.31  112.0 12.256 11.635 11.441 130.3 0.097 
2M16321971-1301196 M107      -38.17 4779.1 4821.1 2.27  1.90 -1.04 -1.20  0.22  0.11  0.31  101.2 12.107 11.484 11.331 131.6 0.098 
2M16322800-1304158 M107      -31.51 5216.1 5084.6 2.63  2.30 -0.76 -0.96 -0.05  0.80  0.31   88.0 13.534 12.939 12.817 121.9 0.089 
2M16323534-1301256 M107      -28.57 5009.8 4960.2 2.93  2.58 -0.88 -1.06  0.10  0.84  0.25   85.4 13.227 12.593 12.425 125.8 0.093 
2M16323665-1306083 M107      -29.94 4794.3 4830.2 2.07  1.71 -0.95 -1.11 -0.08  0.59  0.31  112.3 11.963 11.301 11.096 127.9 0.095 
2M16324321-1301465 M107      -29.27 4782.4 4823.0 2.38  2.01 -1.00 -1.15  0.25  0.01  0.29   92.0 12.485 11.846 11.659 129.8 0.096 
2M16330145-1300334 M107      -33.80 4714.6 4782.1 2.51  2.15 -0.97 -1.11  0.12  0.46  0.28  108.9 12.888 12.206 12.033 128.0 0.095 
2M16321394-1301086 M107      -30.98 4192.8 4306.1 1.70  1.33 -1.05 -1.12  0.04 -0.07  0.29  264.1 10.909 10.121  9.902 128.3 0.095 
2M16322112-1302516 M107      -39.46 3949.5 4062.8 1.13  0.76 -1.03 -1.06 -0.08  0.13  0.24  170.7  9.995  9.118  8.923 126.1 0.093 
2M16322403-1302105 M107      -30.48 3880.0 3993.3 1.14  0.76 -1.09 -1.11  0.04 -0.00  0.27  535.1  9.605  8.703  8.438 128.0 0.095 
2M16322415-1301106 M107      -30.46 4178.9 4292.2 1.77  1.41 -0.98 -1.04 -0.06  0.67  0.25  309.5 10.589  9.742  9.536 125.1 0.092 
2M16322932-1259317 M107      -33.05 4493.1 4606.4 2.17  1.81 -0.97 -1.08 -0.08  0.79  0.28  174.8 11.598 10.821 10.656 126.8 0.094 
2M16323061-1306301 M107      -34.02 4235.3 4348.6 1.73  1.36 -1.03 -1.10  0.01  0.04  0.30  236.4 11.020 10.252 10.071 127.5 0.094 
2M16323361-1259410 M107      -33.07 4583.4 4696.7 2.30  1.95 -0.97 -1.09 -0.03  0.73  0.27  105.0 12.336 11.613 11.467 127.3 0.094 
2M16323529-1307079 M107      -34.91 4413.9 4527.2 2.08  1.72 -0.92 -1.02 -0.13  0.80  0.26  185.5 11.424 10.653 10.473 124.2 0.091 
2M16324155-1302038 M107      -38.22 4200.6 4313.9 1.76  1.41 -0.90 -0.96  0.12 -0.07  0.31  211.3 11.317 10.554 10.334 122.0 0.089 
2M16324652-1315120 M107      -41.99 4149.9 4263.2 1.86  1.61 -0.13 -0.08  0.06  0.06  0.15  311.6 10.399  9.660  9.471  86.8 0.058 
